digression: the bootstrap

bootstrap_statistic(close_to_100, median, 100):
[100.09046861546312, 99.93617774048955, 100.11320620052462, 100.08155472594409, 100.13745251071173, 99.944950004048, 99.98960027616461, 100.00265047744763, 100.09185665984663, 100.09046861546312, 100.11320620052462, 99.98960027616461, 99.98960027616461, 100.0271233935169, 99.98960027616461, 100.06886291609428, 100.08155472594409, 100.05746003098636, 100.09046861546312, 100.09185665984663, 100.04686780434987, 100.04686780434987, 100.09046861546312, 99.98960027616461, 100.11320620052462, 100.09284081892396, 100.09284081892396, 100.09046861546312, 100.06886291609428, 100.08155472594409, 100.13745251071173, 99.9850944807044, 100.09046861546312, 99.99206480794211, 100.05746003098636, 99.99724632709122, 100.04686780434987, 99.91355125686981, 99.99724632709122, 99.98960027616461, 100.00265047744763, 100.04686780434987, 100.09185665984663, 99.99206480794211, 100.04686780434987, 100.04686780434987, 99.92353785544967, 99.944950004048, 99.98960027616461, 100.09185665984663, 100.09046861546312, 100.08155472594409, 100.0271233935169, 100.0271233935169, 100.04686780434987, 100.05746003098636, 99.99206480794211, 100.0271233935169, 99.98960027616461, 100.06886291609428, 100.08155472594409, 100.09185665984663, 99.99206480794211, 100.04686780434987, 99.93897828900937, 99.92353785544967, 100.0271233935169, 99.99724632709122, 100.04686780434987, 100.04686780434987, 100.11320620052462, 99.99724632709122, 99.98960027616461, 99.9850944807044, 99.9850944807044, 100.04686780434987, 100.08155472594409, 99.944950004048, 100.09046861546312, 100.00265047744763, 100.09284081892396, 100.06886291609428, 100.00265047744763, 100.11320620052462, 99.944950004048, 100.0271233935169, 100.04686780434987, 100.0271233935169, 100.09046861546312, 100.1995353632012, 100.09046861546312, 99.93897828900937, 99.9850944807044, 100.08155472594409, 100.0271233935169, 99.98960027616461, 100.06886291609428, 100.0271233935169, 100.05746003098636, 99.92353785544967]

bootstrap_statistic(far_from_100, median, 100):
[200.07847073503513, 200.04386105863946, 0.782640742736586, 200.04386105863946, 0.9925590166154652, 200.07847073503513, 0.868347994887393, 0.9802232226131453, 99.87074603934371, 0.9925590166154652, 200.0220593711118, 200.0220593711118, 0.7979241206979132, 0.782640742736586, 200.0988425255452, 200.0988425255452, 0.7749235324882092, 200.0988425255452, 0.9925590166154652, 0.801907751869943, 200.0988425255452, 200.10525412141823, 0.9925590166154652, 0.7979241206979132, 0.9925590166154652, 200.04386105863946, 200.07847073503513, 200.0988425255452, 200.0220593711118, 200.12354747957318, 0.868347994887393, 0.9347575003561401, 200.22913003451472, 0.9925590166154652, 200.07847073503513, 0.9724148352854057, 200.07847073503513, 0.9925590166154652, 99.87074603934371, 99.87074603934371, 99.87074603934371, 99.87074603934371, 0.9925590166154652, 0.9925590166154652, 0.9892024522449854, 0.9724148352854057, 200.12211613442147, 200.1855749090319, 200.04386105863946, 200.0988425255452, 200.07847073503513, 0.9802232226131453, 99.87074603934371, 0.9802232226131453, 0.9347575003561401, 0.9347575003561401, 200.12354747957318, 200.07847073503513, 0.9925590166154652, 200.04386105863946, 0.9892024522449854, 0.9802232226131453, 200.0220593711118, 200.10525412141823, 200.0220593711118, 99.87074603934371, 0.9802232226131453, 0.8128644799606107, 0.9347575003561401, 0.9802232226131453, 200.07847073503513, 0.8128644799606107, 99.87074603934371, 0.9802232226131453, 200.0220593711118, 0.9925590166154652, 200.0220593711118, 0.9109602016790947, 0.9925590166154652, 200.07847073503513, 200.10525412141823, 200.0988425255452, 200.29739579818585, 200.07847073503513, 0.9802232226131453, 200.12211613442147, 0.9109602016790947, 0.9925590166154652, 200.04386105863946, 200.0220593711118, 0.8128644799606107, 0.9109602016790947, 0.9802232226131453, 0.9347575003561401, 0.868347994887393, 99.87074603934371, 200.0220593711118, 200.0220593711118, 0.7979241206979132, 99.87074603934371]

bootstrap standard errors [0.27877088056307564, 0.27360905531962154, 0.3064850959832762, 0.2951697405894031]

